,Sales_in_thousands,four_year_resale_value,Price_in_thousands,Engine_size,Horsepower,Wheelbase,Width,Length,Curb_weight,Fuel_capacity,Fuel_efficiency,Power_perf_factor,Manufacturer_Audi,Manufacturer_BMW,Manufacturer_Buick,Manufacturer_Cadillac,Manufacturer_Chevrolet,Manufacturer_Chrysler,Manufacturer_Dodge,Manufacturer_Ford,Manufacturer_Honda,Manufacturer_Hyundai,Manufacturer_Infiniti,Manufacturer_Jaguar,Manufacturer_Jeep,Manufacturer_Lexus,Manufacturer_Lincoln,Manufacturer_Mercedes_B,Manufacturer_Mercury,Manufacturer_Mitsubishi,Manufacturer_Nissan,Manufacturer_Oldsmobile,Manufacturer_Plymouth,Manufacturer_Pontiac,Manufacturer_Porsche,Manufacturer_Saab,Manufacturer_Saturn,Manufacturer_Subaru,Manufacturer_Toyota,Manufacturer_Volkswagen,Manufacturer_Volvo,Vehicle_type_Passenger,ln_sales_in_thousands
Sales_in_thousands,1.0,-0.3674815558309043,-0.4364896786389208,-0.034963468272001155,-0.29635357143304025,0.22106144128594263,0.07345462211312971,0.18705671521293982,-0.05624840736273878,0.01893556755174716,0.07099441071497443,-0.32647512351029184,-0.10471807567833717,-0.09835552541698557,0.05336284875068708,-0.09889401686947505,0.087572996457697,-0.08609334375955684,0.1670240263678233,0.45443009155854225,0.19079898906777856,-0.0012046886170166574,-0.04130455243690636,-0.05648422086536476,0.1565818512032475,-0.12990411010917577,-0.05649940080763319,-0.18788096794864714,-0.029718506697825834,-0.10087055455528834,0.054337699043978144,-0.07479423680017551,-0.11208817564651635,0.0715204678677547,-0.13512845586999203,-0.09271094651517864,-0.051628653896781916,-0.015887838518237704,0.14210751395114515,-0.051707915992120775,-0.15366263295908938,-0.23163416633551917,0.8651266833420309
four_year_resale_value,-0.3674815558309043,1.0,0.8073021581140972,0.4834129296491529,0.6942339728231828,0.09524248643532918,0.22876299147094095,0.12333464377084861,0.42927869292060344,0.4107199560426731,-0.42080700219950495,0.7328333312808499,0.20540840058953322,0.20202356720165,-0.04296102613971531,0.15066098826189828,-0.1305800442436446,-0.048614697366557984,-0.0916323601868529,-0.1425749499269764,-0.030959856616745274,-0.19663770170271208,0.03738525491956266,-4.1425475750140176e-17,-0.02821080073797154,0.21454483952483508,0.06404845090952428,0.2442886604255828,-0.08283324812999088,-0.08003119987929277,-0.07264247258463373,-0.0018386631764278287,-0.12731855869475434,-0.07276942128654353,0.34742102516176315,-5.87731479630898e-17,-0.10862682807277602,-5.877314796308979e-17,-0.005622004322142911,-0.059417138680255534,-9.524187764940471e-17,0.027405704447486183,-0.4382842188561287
Price_in_thousands,-0.4364896786389208,0.8073021581140972,1.0,0.6429954809707489,0.870783282003069,0.20463841506197172,0.3831592183155204,0.20833077552509938,0.5956958889739824,0.5119736833992653,-0.5477032097785156,0.9164614418475796,0.129429958832699,0.08234564079980126,0.005472143455345417,0.2213182910770759,-0.13841901085875102,-0.04836430954825667,-0.08987110375199348,-0.12930901918364537,-0.09774455707994714,-0.17491479707183225,0.021631438697828298,0.11564997391229817,-0.06643547813556364,0.2853169176724497,0.18796528133824816,0.38462090541870336,-0.09915409395621418,-0.08045917185547279,-0.07678223724206623,-0.013588339079651146,-0.05345782842613172,-0.060521215604758906,0.27828277457603157,0.03214043797734055,-0.1936694440014608,-0.0500345172960283,-0.0958538922987374,-0.15269303177004515,0.07963085084177447,0.013204305659460657,-0.5492648968115081
Engine_size,-0.034963468272001155,0.4834129296491529,0.6429954809707489,1.0,0.8163590177734027,0.5349353985150004,0.7117960208117632,0.5903125061178771,0.8042245292468209,0.7186036025618334,-0.7629466601480379,0.7995920928314187,-0.015607897868352648,-0.049101043478259554,0.096935214992834,0.2640166497724785,-0.0025672765401021512,-0.04927072420766831,0.12381743277686574,0.08051125081813928,-0.09737973573857323,-0.15436521539510886,-0.003463867764528991,-0.003463867764528991,0.06573259861284893,0.11779617105146474,0.2619067371851586,0.096411733496767,0.02212682225719191,-0.053779705007719614,-0.028389031399308356,0.08362854648208179,-0.09429697821364813,0.08021178402514348,0.01788524774155384,-0.10421390214743707,-0.1906433190962641,-0.06332588233426856,-0.10647762515532087,-0.22046331218542933,-0.1521280630466628,-0.28192281696853244,-0.11170596661722319
Horsepower,-0.29635357143304025,0.6942339728231828,0.870783282003069,0.8163590177734027,1.0,0.35237760799840706,0.5520343847842715,0.43613067721387305,0.656471956942369,0.5704671897461416,-0.6186866367811347,0.9924133073738356,0.09309801323668924,0.0012315675503439358,0.06563948866400864,0.24494534455991132,-0.08093023204509564,0.03503219028818466,0.011700107199512208,-0.07701419037477746,-0.08425907941419701,-0.15423472514962494,0.06404544677105355,0.08380720653548059,-0.04381832408430616,0.23073339983959898,0.20793107034462072,0.22171151955836438,-0.07961218143879344,-0.08090606785704316,-0.06508580566192858,0.01942085974150667,-0.055622849560431814,0.000497348687946148,0.2317810129747294,-0.01589198287230329,-0.22475636495963267,-0.04285097948038628,-0.11331433008947113,-0.2423543764994143,-0.010225974242404848,-0.016864566494103388,-0.3880867411100573
Wheelbase,0.22106144128594263,0.09524248643532918,0.20463841506197172,0.5349353985150004,0.35237760799840706,1.0,0.69125496802112,0.8444648163478985,0.6840884452469487,0.6742293395815103,-0.4998824335041315,0.32495451014054033,0.016398965303088816,0.027813678159727056,0.08667128394163147,0.1254895571400055,-0.11931760982757524,0.05783243759644672,0.22456210129503487,0.16946157871233147,0.007174858885525308,-0.12796357964851185,0.011718084868685091,0.0833598780734402,-0.14206410729494715,0.04403864349418108,0.1600900565572404,-0.032319938927163526,0.07760243376194056,-0.13006017290030297,-0.004014238115156302,0.09630225976826369,0.06100198410665757,0.053628297856398076,-0.27836920787715635,-0.045672136694656806,-0.08496402117106108,-0.09567398354076279,-0.09480008439200481,-0.21248461069512367,-0.08686013855008089,-0.3724333327387416,0.24692734489165857
Width,0.07345462211312971,0.22876299147094095,0.3831592183155204,0.7117960208117632,0.5520343847842715,0.69125496802112,1.0,0.7102115172786464,0.7224433035901584,0.6394746755657649,-0.5954289016232761,0.5264404304760043,0.06578851176627334,-0.07664022504730793,0.10607086479483635,0.17503323245623076,-0.0627114518882002,0.055786144992848466,0.28483169035040967,0.13568610536488235,-0.03648729014948624,-0.12547293481196445,-0.022176378091649584,0.010504600148675996,-0.0685014400865318,0.051338252547335754,0.24755470922360528,-0.07469453186683749,0.07846034823272051,-0.13361681502319359,-0.07063245777320337,0.005811877646868185,0.16382055784980296,0.0426204360770335,-0.059006190965626495,-0.0712060541088478,-0.19618528471680213,-0.10763705853663047,-0.11224151579990004,-0.18307414587634813,-0.09202139607541332,-0.24394066392153868,0.03538547843222715
Length,0.18705671521293982,0.12333464377084861,0.20833077552509938,0.5903125061178771,0.43613067721387305,0.8444648163478985,0.7102115172786464,1.0,0.6391383110913635,0.5846993757918275,-0.42224043479655343,0.39379989365759965,0.021569198894624456,-0.07688706027760074,0.1463259677621359,0.1853672646515053,-0.03910120775800464,0.14000976032987092,0.16872445929761568,0.16291943377345489,-0.043019206904663876,-0.12541691852206624,0.038208665911080034,0.023788702686335043,-0.2130499718987632,0.03454472604974491,0.23244714407201453,-0.13646177178870594,0.10535062671631477,-0.08171652567015057,-0.019418706937630592,0.09612591430552944,-0.1121255541940237,0.0943806984440296,-0.14671419444229916,-0.01398604414019461,-0.060168608225329594,-0.05831297911392285,-0.10150655344610995,-0.29804355384181913,-0.057951714609752965,-0.133487010512032,0.20056847437112835
Curb_weight,-0.05624840736273878,0.42927869292060344,0.5956958889739824,0.8042245292468209,0.656471956942369,0.6840884452469487,0.7224433035901584,0.6391383110913635,1.0,0.8808525508395549,-0.8355503147131057,0.6536867921382195,0.027370996896423288,-0.02025220202891247,0.05411840097662838,0.19110511490721585,-0.16183347595124947,-0.021868892606638123,0.11666412262297615,0.041119403437921746,-0.012890123301716768,-0.16863769949610832,-0.0036848203936093527,0.037493392525611395,0.0008014470881609099,0.18412248351793228,0.22705048635457017,0.12582052932078036,0.033321430058900446,-0.045242212886247586,0.01484512707753467,0.07104596472353472,-0.10794894738388033,0.011075050058138303,-0.09506646069954566,-0.0444922704367059,-0.22483173076176155,-0.018885076254345667,-0.07214463169572298,-0.16334544550893526,-0.028258325055428846,-0.5159794442298884,-0.053979711205500096
Fuel_capacity,0.01893556755174716,0.4107199560426731,0.5119736833992653,0.7186036025618334,0.5704671897461416,0.6742293395815103,0.6394746755657649,0.5846993757918275,0.8808525508395549,1.0,-0.8296731669888904,0.5713424430658373,0.07144954601167035,-0.022675368794836812,-0.0017740386144910192,0.10955288382465862,-0.1669981177855263,-0.07080101861068672,0.20084453373913821,0.09155422797841133,-0.03761984107750273,-0.1331698340024759,0.016728149493321732,0.014380603044691811,0.08372670881251901,0.15890798420653895,0.14835232966698628,0.08205161183668495,0.002683512862878994,0.03156210077974204,0.026132935113005466,0.02411414961773807,-0.12622265748114048,0.007554112125346962,-0.03222427319549691,-0.0029116274635496127,-0.28117940026518107,-0.04620974292517056,-0.002806058135399175,-0.1804510194059171,0.002683512862879002,-0.5894491268691983,-0.029684808923707035
Fuel_efficiency,0.07099441071497443,-0.42080700219950495,-0.5477032097785156,-0.7629466601480379,-0.6186866367811347,-0.4998824335041315,-0.5954289016232761,-0.42224043479655343,-0.8355503147131057,-0.8296731669888904,1.0,-0.6180811837943658,-0.015406557734480884,0.04346713683400692,0.019663804739292353,-0.145486792389573,0.2120225314076544,0.03423423884709591,-0.23174164736604683,-0.06608594314818336,0.05648380896911315,0.137665048143587,0.024934373933624274,-0.05611878882686403,-0.18025290252624623,-0.1481280303126331,-0.15670342469885115,-0.020285897929095936,-0.0051869380315887085,-0.049880553934990746,-0.08112246671989598,-0.03235011351280325,0.06058577676430632,0.0536711587900179,-0.06250551338927088,-0.022121728205578506,0.3043568197275006,0.021001640701498566,0.09066738175412813,0.12093755515756842,0.036854559698130326,0.5973795014708057,0.13783375637148143
Power_perf_factor,-0.32647512351029184,0.7328333312808499,0.9164614418475796,0.7995920928314187,0.9924133073738356,0.32495451014054033,0.5264404304760043,0.39379989365759965,0.6536867921382195,0.5713424430658373,-0.6180811837943658,1.0,0.10178902481572884,0.015191249614639652,0.053844829051835644,0.24029658298931456,-0.08890495920125385,0.017386543573503246,-0.007458866037002746,-0.08691991269919848,-0.08818346304535264,-0.1592945338940964,0.054989023108011105,0.08859528451326151,-0.047794358404647304,0.24383474723256796,0.20442374281762105,0.2682970905867642,-0.08351867027138181,-0.081953306191714,-0.06828435835486142,0.012789073475258537,-0.056693695888490485,-0.011294823915736144,0.2601861744005887,-0.008480362068898045,-0.2200735190608343,-0.04518169968586456,-0.11162185491056585,-0.22689328205814419,0.004014256873123562,-0.012568869308625833,-0.42899287160713573
Manufacturer_Audi,-0.10471807567833717,0.20540840058953322,0.129429958832699,-0.015607897868352648,0.09309801323668924,0.016398965303088816,0.06578851176627334,0.021569198894624456,0.027370996896423288,0.07144954601167035,-0.015406557734480884,0.10178902481572884,1.0,-0.01948051948051965,-0.022567556955543286,-0.025314157340492135,-0.034418398925954795,-0.0301511344577767,-0.03831070831790989,-0.03831070831790989,-0.02531415734049213,-0.01948051948051963,-0.011174753906691965,-0.011174753906691965,-0.019480519480519626,-0.02782194056332857,-0.019480519480519622,-0.03441839892595497,-0.02782194056332859,-0.030151134457776695,-0.030151134457776663,-0.027821940563328606,-0.022567556955543334,-0.02782194056332862,-0.0194805194805196,-0.01585438556627552,-0.025314157340492152,-0.015854385566275508,-0.03441839892595512,-0.027821940563328623,-0.027821940563328623,0.08297804542942087,-0.13146925094718434
Manufacturer_BMW,-0.09835552541698557,0.20202356720165,0.08234564079980126,-0.049101043478259554,0.0012315675503439358,0.027813678159727056,-0.07664022504730793,-0.07688706027760074,-0.02025220202891247,-0.022675368794836812,0.04346713683400692,0.015191249614639652,-0.01948051948051965,1.0,-0.022567556955543286,-0.02531415734049213,-0.0344183989259548,-0.030151134457776695,-0.03831070831790989,-0.03831070831790989,-0.02531415734049213,-0.019480519480519626,-0.011174753906691965,-0.011174753906691964,-0.019480519480519626,-0.02782194056332857,-0.019480519480519622,-0.034418398925954975,-0.02782194056332858,-0.03015113445777669,-0.030151134457776653,-0.027821940563328606,-0.022567556955543328,-0.02782194056332862,-0.019480519480519598,-0.015854385566275518,-0.02531415734049216,-0.015854385566275504,-0.03441839892595513,-0.027821940563328623,-0.027821940563328623,0.08297804542942089,-0.07457042798328205
Manufacturer_Buick,0.05336284875068708,-0.04296102613971531,0.005472143455345417,0.096935214992834,0.06563948866400864,0.08667128394163147,0.10607086479483635,0.1463259677621359,0.05411840097662838,-0.0017740386144910192,0.019663804739292353,0.053844829051835644,-0.022567556955543286,-0.022567556955543286,1.0,-0.029325639294907318,-0.03987261114144494,-0.034929122133039114,-0.04438172672121029,-0.04438172672121028,-0.029325639294907453,-0.022567556955543362,-0.012945593956343537,-0.01294559395634354,-0.022567556955543352,-0.03223082571820159,-0.022567556955543324,-0.03987261114144498,-0.032230825718201565,-0.03492912213303902,-0.034929122133038955,-0.032230825718201524,-0.026143790849673235,-0.03223082571820151,-0.022567556955543206,-0.018366797128785913,-0.029325639294907682,-0.018366797128785906,-0.039872611141444976,-0.03223082571820147,-0.03223082571820146,0.09612740400278891,0.09456402628888277
Manufacturer_Cadillac,-0.09889401686947505,0.15066098826189828,0.2213182910770759,0.2640166497724785,0.24494534455991132,0.1254895571400055,0.17503323245623076,0.1853672646515053,0.19110511490721585,0.10955288382465862,-0.145486792389573,0.24029658298931456,-0.025314157340492135,-0.02531415734049213,-0.029325639294907318,1.0,-0.04472533531206549,-0.03918019549846872,-0.04978323597351089,-0.04978323597351079,-0.032894736842105386,-0.025314157340492117,-0.014521146569944075,-0.014521146569944075,-0.025314157340492114,-0.03615350102147958,-0.02531415734049211,-0.04472533531206533,-0.03615350102147961,-0.03918019549846893,-0.03918019549846899,-0.036153501021479635,-0.02932563929490768,-0.03615350102147966,-0.025314157340492104,-0.020602141085758204,-0.032894736842105345,-0.020602141085758214,-0.04472533531206523,-0.03615350102147973,-0.036153501021479746,0.025247217316078565,-0.08113913221128138
Manufacturer_Chevrolet,0.087572996457697,-0.1305800442436446,-0.13841901085875102,-0.0025672765401021512,-0.08093023204509564,-0.11931760982757524,-0.0627114518882002,-0.03910120775800464,-0.16183347595124947,-0.1669981177855263,0.2120225314076544,-0.08890495920125385,-0.034418398925954795,-0.0344183989259548,-0.03987261114144494,-0.04472533531206549,1.0,-0.053271360390343116,-0.06768778642378243,-0.06768778642378236,-0.04472533531206544,-0.03441839892595487,-0.0197436797434746,-0.0197436797434746,-0.03441839892595488,-0.04915611465907921,-0.03441839892595489,-0.060810810810810995,-0.049156114659079306,-0.05327136039034311,-0.05327136039034312,-0.04915611465907943,-0.039872611141445004,-0.049156114659079486,-0.034418398925954996,-0.028011705113493227,-0.044725335312065205,-0.02801170511349322,-0.060810810810810884,-0.04915611465907961,-0.049156114659079646,0.14660653544387178,0.10607050632146058
Manufacturer_Chrysler,-0.08609334375955684,-0.048614697366557984,-0.04836430954825667,-0.04927072420766831,0.03503219028818466,0.05783243759644672,0.055786144992848466,0.14000976032987092,-0.021868892606638123,-0.07080101861068672,0.03423423884709591,0.017386543573503246,-0.0301511344577767,-0.030151134457776695,-0.034929122133039114,-0.03918019549846872,-0.053271360390343116,1.0,-0.059295714306852834,-0.05929571430685275,-0.03918019549846883,-0.030151134457776622,-0.017295817388759096,-0.01729581738875909,-0.030151134457776615,-0.04306163763446072,-0.030151134457776615,-0.053271360390343185,-0.043061637634460734,-0.0466666666666665,-0.04666666666666651,-0.04306163763446071,-0.03492912213303897,-0.04306163763446071,-0.030151134457776525,-0.024538755828982267,-0.03918019549846903,-0.024538755828982253,-0.05327136039034321,-0.04306163763446069,-0.04306163763446068,0.0581738463877054,-0.018732567617124725
Manufacturer_Dodge,0.1670240263678233,-0.0916323601868529,-0.08987110375199348,0.12381743277686574,0.011700107199512208,0.22456210129503487,0.28483169035040967,0.16872445929761568,0.11666412262297615,0.20084453373913821,-0.23174164736604683,-0.007458866037002746,-0.03831070831790989,-0.03831070831790989,-0.04438172672121029,-0.04978323597351089,-0.06768778642378243,-0.059295714306852834,1.0,-0.07534246575342468,-0.04978323597351074,-0.03831070831790985,-0.021976453855442942,-0.021976453855442942,-0.03831070831790984,-0.054715083487674725,-0.038310708317909836,-0.06768778642378213,-0.05471508348767475,-0.05929571430685251,-0.05929571430685236,-0.054715083487674794,-0.04438172672121036,-0.05471508348767481,-0.0383107083179098,-0.031179494037448515,-0.04978323597351053,-0.031179494037448508,-0.06768778642378188,-0.05471508348767486,-0.05471508348767488,-0.17765923948827536,0.09692689203960038
Manufacturer_Ford,0.45443009155854225,-0.1425749499269764,-0.12930901918364537,0.08051125081813928,-0.07701419037477746,0.16946157871233147,0.13568610536488235,0.16291943377345489,0.041119403437921746,0.09155422797841133,-0.06608594314818336,-0.08691991269919848,-0.03831070831790989,-0.03831070831790989,-0.04438172672121028,-0.04978323597351079,-0.06768778642378236,-0.05929571430685275,-0.07534246575342468,1.0,-0.04978323597351074,-0.03831070831790984,-0.021976453855442942,-0.021976453855442942,-0.038310708317909836,-0.05471508348767472,-0.038310708317909836,-0.06768778642378212,-0.054715083487674745,-0.05929571430685251,-0.05929571430685235,-0.054715083487674794,-0.04438172672121035,-0.05471508348767481,-0.038310708317909795,-0.031179494037448508,-0.04978323597351053,-0.0311794940374485,-0.06768778642378188,-0.054715083487674857,-0.05471508348767487,-0.1208517026254255,0.33055629009786175
Manufacturer_Honda,0.19079898906777856,-0.030959856616745274,-0.09774455707994714,-0.09737973573857323,-0.08425907941419701,0.007174858885525308,-0.03648729014948624,-0.043019206904663876,-0.012890123301716768,-0.03761984107750273,0.05648380896911315,-0.08818346304535264,-0.02531415734049213,-0.02531415734049213,-0.029325639294907453,-0.032894736842105386,-0.04472533531206544,-0.03918019549846883,-0.04978323597351074,-0.04978323597351074,1.0,-0.025314157340492145,-0.01452114656994407,-0.014521146569944073,-0.025314157340492142,-0.03615350102147962,-0.02531415734049214,-0.0447253353120654,-0.03615350102147964,-0.03918019549846883,-0.039180195498468885,-0.036153501021479684,-0.02932563929490768,-0.036153501021479705,-0.025314157340492135,-0.0206021410857582,-0.03289473684210529,-0.020602141085758214,-0.0447253353120653,-0.03615350102147977,-0.03615350102147979,-0.13991166262660187,0.14744818562263556
Manufacturer_Hyundai,-0.0012046886170166574,-0.19663770170271208,-0.17491479707183225,-0.15436521539510886,-0.15423472514962494,-0.12796357964851185,-0.12547293481196445,-0.12541691852206624,-0.16863769949610832,-0.1331698340024759,0.137665048143587,-0.1592945338940964,-0.01948051948051963,-0.019480519480519626,-0.022567556955543362,-0.025314157340492117,-0.03441839892595487,-0.030151134457776622,-0.03831070831790985,-0.03831070831790984,-0.025314157340492145,1.0,-0.011174753906691938,-0.011174753906691938,-0.019480519480519588,-0.02782194056332852,-0.019480519480519584,-0.03441839892595501,-0.027821940563328533,-0.030151134457776566,-0.030151134457776535,-0.027821940563328557,-0.022567556955543272,-0.027821940563328557,-0.019480519480519563,-0.01585438556627548,-0.025314157340492166,-0.01585438556627547,-0.034418398925955156,-0.02782194056332857,-0.027821940563328575,0.08297804542942092,0.05476671229112694
Manufacturer_Infiniti,-0.04130455243690636,0.03738525491956266,0.021631438697828298,-0.003463867764528991,0.06404544677105355,0.011718084868685091,-0.022176378091649584,0.038208665911080034,-0.0036848203936093527,0.016728149493321732,0.024934373933624274,0.054989023108011105,-0.011174753906691965,-0.011174753906691965,-0.012945593956343537,-0.014521146569944075,-0.0197436797434746,-0.017295817388759096,-0.021976453855442942,-0.021976453855442942,-0.01452114656994407,-0.011174753906691938,1.0,-0.0064102564102563675,-0.011174753906691932,-0.01595970473542595,-0.011174753906691924,-0.019743679743474605,-0.015959704735425937,-0.017295817388759065,-0.017295817388759033,-0.015959704735425916,-0.012945593956343633,-0.01595970473542591,-0.011174753906691861,-0.009094667994973358,-0.01452114656994418,-0.009094667994973356,-0.019743679743474605,-0.015959704735425892,-0.015959704735425885,0.0475993075163797,-0.010546762545179094
Manufacturer_Jaguar,-0.05648422086536476,-4.1425475750140176e-17,0.11564997391229817,-0.003463867764528991,0.08380720653548059,0.0833598780734402,0.010504600148675996,0.023788702686335043,0.037493392525611395,0.014380603044691811,-0.05611878882686403,0.08859528451326151,-0.011174753906691965,-0.011174753906691964,-0.01294559395634354,-0.014521146569944075,-0.0197436797434746,-0.01729581738875909,-0.021976453855442942,-0.021976453855442942,-0.014521146569944073,-0.011174753906691938,-0.0064102564102563675,1.0,-0.011174753906691932,-0.01595970473542595,-0.011174753906691924,-0.019743679743474605,-0.015959704735425937,-0.017295817388759065,-0.017295817388759033,-0.015959704735425916,-0.012945593956343633,-0.01595970473542591,-0.011174753906691861,-0.009094667994973358,-0.01452114656994418,-0.009094667994973356,-0.019743679743474605,-0.015959704735425892,-0.015959704735425885,0.0475993075163797,-0.039732466440960776
Manufacturer_Jeep,0.1565818512032475,-0.02821080073797154,-0.06643547813556364,0.06573259861284893,-0.04381832408430616,-0.14206410729494715,-0.0685014400865318,-0.2130499718987632,0.0008014470881609099,0.08372670881251901,-0.18025290252624623,-0.047794358404647304,-0.019480519480519626,-0.019480519480519626,-0.022567556955543352,-0.025314157340492114,-0.03441839892595488,-0.030151134457776615,-0.03831070831790984,-0.038310708317909836,-0.025314157340492142,-0.019480519480519588,-0.011174753906691932,-0.011174753906691932,1.0,-0.027821940563328516,-0.019480519480519584,-0.03441839892595501,-0.027821940563328526,-0.03015113445777656,-0.03015113445777652,-0.02782194056332855,-0.02256755695554327,-0.02782194056332855,-0.019480519480519556,-0.015854385566275477,-0.025314157340492166,-0.01585438556627547,-0.03441839892595515,-0.027821940563328568,-0.027821940563328568,-0.23476715292226413,0.14133303141839582
Manufacturer_Lexus,-0.12990411010917577,0.21454483952483508,0.2853169176724497,0.11779617105146474,0.23073339983959898,0.04403864349418108,0.051338252547335754,0.03454472604974491,0.18412248351793228,0.15890798420653895,-0.1481280303126331,0.24383474723256796,-0.02782194056332857,-0.02782194056332857,-0.03223082571820159,-0.03615350102147958,-0.04915611465907921,-0.04306163763446072,-0.054715083487674725,-0.05471508348767472,-0.03615350102147962,-0.02782194056332852,-0.01595970473542595,-0.01595970473542595,-0.027821940563328516,1.0,-0.027821940563328502,-0.04915611465907937,-0.0397350993377482,-0.04306163763446062,-0.04306163763446057,-0.03973509933774823,-0.032230825718201496,-0.03973509933774824,-0.02782194056332847,-0.02264312167517439,-0.036153501021479656,-0.02264312167517437,-0.04915611465907958,-0.039735099337748256,-0.039735099337748256,-0.0327584912155018,-0.13572381683301799
Manufacturer_Lincoln,-0.05649940080763319,0.06404845090952428,0.18796528133824816,0.2619067371851586,0.20793107034462072,0.1600900565572404,0.24755470922360528,0.23244714407201453,0.22705048635457017,0.14835232966698628,-0.15670342469885115,0.20442374281762105,-0.019480519480519622,-0.019480519480519622,-0.022567556955543324,-0.02531415734049211,-0.03441839892595489,-0.030151134457776615,-0.038310708317909836,-0.038310708317909836,-0.02531415734049214,-0.019480519480519584,-0.011174753906691924,-0.011174753906691924,-0.019480519480519584,-0.027821940563328502,1.0,-0.03441839892595501,-0.02782194056332852,-0.030151134457776542,-0.030151134457776504,-0.027821940563328543,-0.022567556955543265,-0.02782194056332855,-0.019480519480519556,-0.015854385566275473,-0.025314157340492163,-0.015854385566275466,-0.03441839892595515,-0.027821940563328557,-0.02782194056332856,-0.02293702068780735,-0.011799138821198039
Manufacturer_Mercedes_B,-0.18788096794864714,0.2442886604255828,0.38462090541870336,0.096411733496767,0.22171151955836438,-0.032319938927163526,-0.07469453186683749,-0.13646177178870594,0.12582052932078036,0.08205161183668495,-0.020285897929095936,0.2682970905867642,-0.03441839892595497,-0.034418398925954975,-0.03987261114144498,-0.04472533531206533,-0.060810810810810995,-0.053271360390343185,-0.06768778642378213,-0.06768778642378212,-0.0447253353120654,-0.03441839892595501,-0.019743679743474605,-0.019743679743474605,-0.03441839892595501,-0.04915611465907937,-0.03441839892595501,1.0,-0.04915611465907939,-0.05327136039034318,-0.05327136039034317,-0.049156114659079514,-0.03987261114144502,-0.04915611465907957,-0.03441839892595505,-0.028011705113493227,-0.04472533531206531,-0.02801170511349322,-0.06081081081081082,-0.04915611465907971,-0.049156114659079736,0.08422922903550421,-0.24115920221205187
Manufacturer_Mercury,-0.029718506697825834,-0.08283324812999088,-0.09915409395621418,0.02212682225719191,-0.07961218143879344,0.07760243376194056,0.07846034823272051,0.10535062671631477,0.033321430058900446,0.002683512862878994,-0.0051869380315887085,-0.08351867027138181,-0.02782194056332859,-0.02782194056332858,-0.032230825718201565,-0.03615350102147961,-0.049156114659079306,-0.043061637634460734,-0.05471508348767475,-0.054715083487674745,-0.03615350102147964,-0.027821940563328533,-0.015959704735425937,-0.015959704735425937,-0.027821940563328526,-0.0397350993377482,-0.02782194056332852,-0.04915611465907939,1.0,-0.04306163763446063,-0.0430616376344606,-0.039735099337748256,-0.03223082571820152,-0.03973509933774827,-0.027821940563328484,-0.022643121675174398,-0.03615350102147968,-0.022643121675174384,-0.04915611465907961,-0.03973509933774828,-0.03973509933774828,-0.032758491215501846,0.029255652233001122
Manufacturer_Mitsubishi,-0.10087055455528834,-0.08003119987929277,-0.08045917185547279,-0.053779705007719614,-0.08090606785704316,-0.13006017290030297,-0.13361681502319359,-0.08171652567015057,-0.045242212886247586,0.03156210077974204,-0.049880553934990746,-0.081953306191714,-0.030151134457776695,-0.03015113445777669,-0.03492912213303902,-0.03918019549846893,-0.05327136039034311,-0.0466666666666665,-0.05929571430685251,-0.05929571430685251,-0.03918019549846883,-0.030151134457776566,-0.017295817388759065,-0.017295817388759065,-0.03015113445777656,-0.04306163763446062,-0.030151134457776542,-0.05327136039034318,-0.04306163763446063,1.0,-0.04666666666666658,-0.043061637634460616,-0.03492912213303897,-0.0430616376344606,-0.03015113445777645,-0.024538755828982264,-0.03918019549846895,-0.024538755828982246,-0.05327136039034321,-0.04306163763446058,-0.04306163763446058,-0.012082260403600432,-0.11487619325191717
Manufacturer_Nissan,0.054337699043978144,-0.07264247258463373,-0.07678223724206623,-0.028389031399308356,-0.06508580566192858,-0.004014238115156302,-0.07063245777320337,-0.019418706937630592,0.01484512707753467,0.026132935113005466,-0.08112246671989598,-0.06828435835486142,-0.030151134457776663,-0.030151134457776653,-0.034929122133038955,-0.03918019549846899,-0.05327136039034312,-0.04666666666666651,-0.05929571430685236,-0.05929571430685235,-0.039180195498468885,-0.030151134457776535,-0.017295817388759033,-0.017295817388759033,-0.03015113445777652,-0.04306163763446057,-0.030151134457776504,-0.05327136039034317,-0.0430616376344606,-0.04666666666666658,1.0,-0.04306163763446066,-0.03492912213303895,-0.04306163763446065,-0.03015113445777648,-0.024538755828982253,-0.039180195498468975,-0.02453875582898224,-0.053271360390343206,-0.04306163763446063,-0.04306163763446062,-0.15259447398621262,0.12463211692301576
Manufacturer_Oldsmobile,-0.07479423680017551,-0.0018386631764278287,-0.013588339079651146,0.08362854648208179,0.01942085974150667,0.09630225976826369,0.005811877646868185,0.09612591430552944,0.07104596472353472,0.02411414961773807,-0.03235011351280325,0.012789073475258537,-0.027821940563328606,-0.027821940563328606,-0.032230825718201524,-0.036153501021479635,-0.04915611465907943,-0.04306163763446071,-0.054715083487674794,-0.054715083487674794,-0.036153501021479684,-0.027821940563328557,-0.015959704735425916,-0.015959704735425916,-0.02782194056332855,-0.03973509933774823,-0.027821940563328543,-0.049156114659079514,-0.039735099337748256,-0.043061637634460616,-0.04306163763446066,1.0,-0.03223082571820154,-0.0397350993377483,-0.027821940563328505,-0.022643121675174415,-0.03615350102147969,-0.0226431216751744,-0.049156114659079646,-0.039735099337748304,-0.039735099337748304,-0.0327584912155019,-0.06770954545960865
Manufacturer_Plymouth,-0.11208817564651635,-0.12731855869475434,-0.05345782842613172,-0.09429697821364813,-0.055622849560431814,0.06100198410665757,0.16382055784980296,-0.1121255541940237,-0.10794894738388033,-0.12622265748114048,0.06058577676430632,-0.056693695888490485,-0.022567556955543334,-0.022567556955543328,-0.026143790849673235,-0.02932563929490768,-0.039872611141445004,-0.03492912213303897,-0.04438172672121036,-0.04438172672121035,-0.02932563929490768,-0.022567556955543272,-0.012945593956343633,-0.012945593956343633,-0.02256755695554327,-0.032230825718201496,-0.022567556955543265,-0.03987261114144502,-0.03223082571820152,-0.03492912213303897,-0.03492912213303895,-0.03223082571820154,1.0,-0.03223082571820153,-0.022567556955543223,-0.018366797128785927,-0.029325639294907724,-0.01836679712878592,-0.03987261114144502,-0.032230825718201496,-0.03223082571820149,0.004102998951338583,-0.1374388101837308
Manufacturer_Pontiac,0.0715204678677547,-0.07276942128654353,-0.060521215604758906,0.08021178402514348,0.000497348687946148,0.053628297856398076,0.0426204360770335,0.0943806984440296,0.011075050058138303,0.007554112125346962,0.0536711587900179,-0.011294823915736144,-0.02782194056332862,-0.02782194056332862,-0.03223082571820151,-0.03615350102147966,-0.049156114659079486,-0.04306163763446071,-0.05471508348767481,-0.05471508348767481,-0.036153501021479705,-0.027821940563328557,-0.01595970473542591,-0.01595970473542591,-0.02782194056332855,-0.03973509933774824,-0.02782194056332855,-0.04915611465907957,-0.03973509933774827,-0.0430616376344606,-0.04306163763446065,-0.0397350993377483,-0.03223082571820153,1.0,-0.027821940563328526,-0.022643121675174425,-0.0361535010214797,-0.022643121675174408,-0.04915611465907964,-0.039735099337748325,-0.03973509933774833,0.042875084090877556,0.10775668443438409
Manufacturer_Porsche,-0.13512845586999203,0.34742102516176315,0.27828277457603157,0.01788524774155384,0.2317810129747294,-0.27836920787715635,-0.059006190965626495,-0.14671419444229916,-0.09506646069954566,-0.03222427319549691,-0.06250551338927088,0.2601861744005887,-0.0194805194805196,-0.019480519480519598,-0.022567556955543206,-0.025314157340492104,-0.034418398925954996,-0.030151134457776525,-0.0383107083179098,-0.038310708317909795,-0.025314157340492135,-0.019480519480519563,-0.011174753906691861,-0.011174753906691861,-0.019480519480519556,-0.02782194056332847,-0.019480519480519556,-0.03441839892595505,-0.027821940563328484,-0.03015113445777645,-0.03015113445777648,-0.027821940563328505,-0.022567556955543223,-0.027821940563328526,1.0,-0.01585438556627546,-0.025314157340492114,-0.01585438556627545,-0.034418398925955086,-0.027821940563328536,-0.027821940563328543,0.08297804542942092,-0.24581352894705594
Manufacturer_Saab,-0.09271094651517864,-5.87731479630898e-17,0.03214043797734055,-0.10421390214743707,-0.01589198287230329,-0.045672136694656806,-0.0712060541088478,-0.01398604414019461,-0.0444922704367059,-0.0029116274635496127,-0.022121728205578506,-0.008480362068898045,-0.01585438556627552,-0.015854385566275518,-0.018366797128785913,-0.020602141085758204,-0.028011705113493227,-0.024538755828982267,-0.031179494037448515,-0.031179494037448508,-0.0206021410857582,-0.01585438556627548,-0.009094667994973358,-0.009094667994973358,-0.015854385566275477,-0.02264312167517439,-0.015854385566275473,-0.028011705113493227,-0.022643121675174398,-0.024538755828982264,-0.024538755828982253,-0.022643121675174415,-0.018366797128785927,-0.022643121675174425,-0.01585438556627546,1.0,-0.02060214108575821,-0.01290322580645167,-0.028011705113493254,-0.022643121675174405,-0.022643121675174394,0.06753238418972977,-0.0924502430259538
Manufacturer_Saturn,-0.051628653896781916,-0.10862682807277602,-0.1936694440014608,-0.1906433190962641,-0.22475636495963267,-0.08496402117106108,-0.19618528471680213,-0.060168608225329594,-0.22483173076176155,-0.28117940026518107,0.3043568197275006,-0.2200735190608343,-0.025314157340492152,-0.02531415734049216,-0.029325639294907682,-0.032894736842105345,-0.044725335312065205,-0.03918019549846903,-0.04978323597351053,-0.04978323597351053,-0.03289473684210529,-0.025314157340492166,-0.01452114656994418,-0.01452114656994418,-0.025314157340492166,-0.036153501021479656,-0.025314157340492163,-0.04472533531206531,-0.03615350102147968,-0.03918019549846895,-0.039180195498468975,-0.03615350102147969,-0.029325639294907724,-0.0361535010214797,-0.025314157340492114,-0.02060214108575821,1.0,-0.020602141085758214,-0.04472533531206525,-0.03615350102147974,-0.036153501021479746,0.10782665728741936,-0.036460376047811
Manufacturer_Subaru,-0.015887838518237704,-5.877314796308979e-17,-0.0500345172960283,-0.06332588233426856,-0.04285097948038628,-0.09567398354076279,-0.10763705853663047,-0.05831297911392285,-0.018885076254345667,-0.04620974292517056,0.021001640701498566,-0.04518169968586456,-0.015854385566275508,-0.015854385566275504,-0.018366797128785906,-0.020602141085758214,-0.02801170511349322,-0.024538755828982253,-0.031179494037448508,-0.0311794940374485,-0.020602141085758214,-0.01585438556627547,-0.009094667994973356,-0.009094667994973356,-0.01585438556627547,-0.02264312167517437,-0.015854385566275466,-0.02801170511349322,-0.022643121675174384,-0.024538755828982246,-0.02453875582898224,-0.0226431216751744,-0.01836679712878592,-0.022643121675174408,-0.01585438556627545,-0.01290322580645167,-0.020602141085758214,1.0,-0.02801170511349325,-0.02264312167517441,-0.0226431216751744,-0.06176742456377729,0.0353185940214502
Manufacturer_Toyota,0.14210751395114515,-0.005622004322142911,-0.0958538922987374,-0.10647762515532087,-0.11331433008947113,-0.09480008439200481,-0.11224151579990004,-0.10150655344610995,-0.07214463169572298,-0.002806058135399175,0.09066738175412813,-0.11162185491056585,-0.03441839892595512,-0.03441839892595513,-0.039872611141444976,-0.04472533531206523,-0.060810810810810884,-0.05327136039034321,-0.06768778642378188,-0.06768778642378188,-0.0447253353120653,-0.034418398925955156,-0.019743679743474605,-0.019743679743474605,-0.03441839892595515,-0.04915611465907958,-0.03441839892595515,-0.06081081081081082,-0.04915611465907961,-0.05327136039034321,-0.053271360390343206,-0.049156114659079646,-0.03987261114144502,-0.04915611465907964,-0.034418398925955086,-0.028011705113493254,-0.04472533531206525,-0.02801170511349325,1.0,-0.04915611465907966,-0.04915611465907969,-0.16527999659797035,0.14799735041657597
Manufacturer_Volkswagen,-0.051707915992120775,-0.059417138680255534,-0.15269303177004515,-0.22046331218542933,-0.2423543764994143,-0.21248461069512367,-0.18307414587634813,-0.29804355384181913,-0.16334544550893526,-0.1804510194059171,0.12093755515756842,-0.22689328205814419,-0.027821940563328623,-0.027821940563328623,-0.03223082571820147,-0.03615350102147973,-0.04915611465907961,-0.04306163763446069,-0.05471508348767486,-0.054715083487674857,-0.03615350102147977,-0.02782194056332857,-0.015959704735425892,-0.015959704735425892,-0.027821940563328568,-0.039735099337748256,-0.027821940563328557,-0.04915611465907971,-0.03973509933774828,-0.04306163763446058,-0.04306163763446063,-0.039735099337748304,-0.032230825718201496,-0.039735099337748325,-0.027821940563328536,-0.022643121675174405,-0.03615350102147974,-0.02264312167517441,-0.04915611465907966,1.0,-0.039735099337748395,0.11850865939725735,-0.035501740143283785
Manufacturer_Volvo,-0.15366263295908938,-9.524187764940471e-17,0.07963085084177447,-0.1521280630466628,-0.010225974242404848,-0.08686013855008089,-0.09202139607541332,-0.057951714609752965,-0.028258325055428846,0.002683512862879002,0.036854559698130326,0.004014256873123562,-0.027821940563328623,-0.027821940563328623,-0.03223082571820146,-0.036153501021479746,-0.049156114659079646,-0.04306163763446068,-0.05471508348767488,-0.05471508348767487,-0.03615350102147979,-0.027821940563328575,-0.015959704735425885,-0.015959704735425885,-0.027821940563328568,-0.039735099337748256,-0.02782194056332856,-0.049156114659079736,-0.03973509933774828,-0.04306163763446058,-0.04306163763446062,-0.039735099337748304,-0.03223082571820149,-0.03973509933774833,-0.027821940563328543,-0.022643121675174394,-0.036153501021479746,-0.0226431216751744,-0.04915611465907969,-0.039735099337748395,1.0,0.1185086593972574,-0.1646174540088999
Vehicle_type_Passenger,-0.23163416633551917,0.027405704447486183,0.013204305659460657,-0.28192281696853244,-0.016864566494103388,-0.3724333327387416,-0.24394066392153868,-0.133487010512032,-0.5159794442298884,-0.5894491268691983,0.5973795014708057,-0.012568869308625833,0.08297804542942087,0.08297804542942089,0.09612740400278891,0.025247217316078565,0.14660653544387178,0.0581738463877054,-0.17765923948827536,-0.1208517026254255,-0.13991166262660187,0.08297804542942092,0.0475993075163797,0.0475993075163797,-0.23476715292226413,-0.0327584912155018,-0.02293702068780735,0.08422922903550421,-0.032758491215501846,-0.012082260403600432,-0.15259447398621262,-0.0327584912155019,0.004102998951338583,0.042875084090877556,0.08297804542942092,0.06753238418972977,0.10782665728741936,-0.06176742456377729,-0.16527999659797035,0.11850865939725735,0.1185086593972574,1.0,-0.26815967750296565
ln_sales_in_thousands,0.8651266833420309,-0.4382842188561287,-0.5492648968115081,-0.11170596661722319,-0.3880867411100573,0.24692734489165857,0.03538547843222715,0.20056847437112835,-0.053979711205500096,-0.029684808923707035,0.13783375637148143,-0.42899287160713573,-0.13146925094718434,-0.07457042798328205,0.09456402628888277,-0.08113913221128138,0.10607050632146058,-0.018732567617124725,0.09692689203960038,0.33055629009786175,0.14744818562263556,0.05476671229112694,-0.010546762545179094,-0.039732466440960776,0.14133303141839582,-0.13572381683301799,-0.011799138821198039,-0.24115920221205187,0.029255652233001122,-0.11487619325191717,0.12463211692301576,-0.06770954545960865,-0.1374388101837308,0.10775668443438409,-0.24581352894705594,-0.0924502430259538,-0.036460376047811,0.0353185940214502,0.14799735041657597,-0.035501740143283785,-0.1646174540088999,-0.26815967750296565,1.0
